    day     | items | multi_sheet | has_created_at | has_price | has_sources | has_conflicts 
------------+-------+-------------+----------------+-----------+-------------+---------------
 2026-08-28 |   109 |          26 |             16 |        11 |          26 |             1
 2026-08-29 |   110 |          26 |             16 |        11 |          26 |             1
 2026-08-30 |    98 |          26 |             16 |        11 |          26 |             1
 2026-08-31 |   116 |          26 |             16 |        11 |          26 |             1
 2026-09-01 |   108 |          25 |             16 |        11 |          25 |             1
 2026-09-02 |   108 |          26 |             16 |        11 |          26 |             1
 2026-09-03 |   106 |          25 |             16 |        11 |          25 |             1
 2026-09-04 |    84 |          25 |             16 |        11 |          25 |             1
 2026-09-05 |    90 |          27 |             16 |        11 |          27 |             1
 2026-09-06 |    90 |          27 |             16 |        11 |          27 |             1
 2026-09-07 |    94 |          26 |             20 |        11 |          26 |             1
 2026-09-08 |    94 |          27 |             20 |        11 |          27 |             1
(12 rows)

