    day     | items | multi_sheet_items | has_created_at | has_created_days | has_current_price 
------------+-------+-------------------+----------------+------------------+-------------------
 2026-08-28 |   109 |                26 |              1 |                1 |                 0
 2026-08-29 |   110 |                26 |              1 |                1 |                 0
 2026-08-30 |    98 |                26 |              1 |                1 |                 0
 2026-08-31 |   116 |                26 |              1 |                1 |                 0
 2026-09-01 |   108 |                25 |              2 |                2 |                 0
 2026-09-02 |   108 |                26 |              1 |                1 |                 0
 2026-09-03 |   106 |                25 |              2 |                2 |                 0
 2026-09-04 |    84 |                25 |              2 |                2 |                 0
 2026-09-05 |    90 |                27 |              0 |                0 |                 0
 2026-09-06 |    90 |                27 |              0 |                0 |                 0
 2026-09-07 |    94 |                26 |              4 |                4 |                 0
 2026-09-08 |    94 |                27 |              3 |                3 |                 0
(12 rows)

